79160 -4.60 2.00 -0.70 5.06
179180 -4.40 2.10 -2.00 5.27
179200 -4.10 2.30 -1.00 4.81
179220 -3.90 2.50 -0.20 4.64
179240 -4.20 2.20 -1.80 5.07
179260 -4.20 2.00 -1.80 4.99
179280 -3.90 2.30 -0.90 4.62
179300 -4.00 2.10 -0.70 4.57
179320 -3.90 2.40 -1.60 4.85
179340 -4.20 2.20 -1.00 4.85
179360 -3.70 2.00 -2.40 4.84
179380 -4.30 2.30 -1.60 5.13
179400 -4.00 1.90 -1.00 4.54
179420 -3.80 2.70 -1.00 4.77
179440 -3.80 2.70 -1.30 4.84
179460 -4.00 2.20 -0.70 4.62
179480 -3.80 2.70 -0.10 4.66
179500 -4.20 2.60 -1.90 5.29
179520 -3.80 3.20 -2.10 5.39
179540 -3.80 2.70 -1.30 4.84
179560 -4.20 2.60 -1.30 5.11
179580 -3.60 2.70 -2.20 5.01
179600 -4.10 2.00 -2.60 5.25
179620 -4.00 2.40 -0.90 4.75
179640 -3.60 2.30 -1.90 4.68
179660 -3.90 2.50 -1.90 5.01
179680 -4.30 2.60 -1.60 5.27
179700 -3.90 2.30 -1.70 4.84
179720 -4.00 2.30 -1.50 4.85
179740 -4.20 2.60 -0.80 5.00
179760 -4.40 2.00 -2.10 5.27
179780 -4.50 2.40 -2.40 5.64
179800 -4.40 2.40 -2.20 5.47
179820 -4.30 1.90 -1.70 5.00
179840 -4.30 2.60 -1.70 5.30
179860 -4.40 2.20 -2.50 5.52
179880 -4.40 1.80 -1.70 5.05
179900 -3.90 2.40 -1.30 4.76
179920 -4.50 2.90 -1.20 5.49
179940 -4.20 2.40 -0.70 4.89
179960 -4.20 2.90 0.20 5.11
179980 -4.20 2.70 -0.20 5.00
180000 -4.60 2.40 -1.80 5.49
180020 -3.90 2.90 -0.40 4.88
180040 -5.00 2.60 -1.40 5.81
180060 -3.80 2.30 -2.30 5.00
180080 -4.40 2.10 -0.80 4.94
180100 -4.20 1.90 0.00 4.61
180120 -4.40 2.40 -1.10 5.13
180140 -4.60 2.60 -1.40 5.47
180160 -4.80 2.30 -0.60 5.36
180180 -4.30 2.70 -0.90 5.16
180200 -4.20 2.60 -1.20 5.08
180220 -4.70 2.70 -1.00 5.51
180240 -4.50 2.60 -0.90 5.27
180260 -4.60 2.40 -2.40 5.72
180280 -4.50 2.60 -0.40 5.21
180300 -4.90 2.60 -0.40 5.56
180320 -4.90 2.60 -2.20 5.97
180340 -5.10 2.20 -1.10 5.66
180360 -5.10 2.50 -0.30 5.69
180380 -4.00 2.10 0.00 4.52
180400 -4.20 2.80 -1.70 5.33
180420 -4.50 2.70 -1.30 5.41
180440 -4.50 2.50 -1.10 5.26
180460 -4.10 3.00 -2.30 5.58
180480 -4.40 2.80 -1.30 5.37
180500 -4.50 2.80 -2.30 5.78
180520 -4.30 2.10 -1.80 5.11
180540 -4.00 2.20 -1.50 4.81
180560 -4.20 2.20 -1.70 5.04
180580 -4.40 2.40 -0.10 5.01
180600 -4.10 2.00 -1.40 4.77
180620 -4.20 2.10 -1.60 4.96
180640 -3.90 2.50 -1.50 4.87
180660 -4.10 2.10 -1.40 4.81
180680 -4.40 1.80 -0.90 4.84
180700 -4.10 2.00 -1.80 4.90
180720 -4.20 2.50 -2.40 5.45
180740 -4.30 2.60 -2.40 5.57
180760 -4.30 2.60 -0.70 5.07
180780 -4.20 2.10 -1.40 4.90
180800 -4.30 2.20 -0.80 4.90
180820 -4.70 1.70 -1.00 5.10
180840 -4.60 2.60 -1.70 5.55
180860 -4.60 2.30 -2.10 5.56
180880 -4.10 2.60 -2.10 5.29
180900 -4.30 2.10 -1.70 5.08
180920 -3.90 2.40 -1.80 4.92
180940 -4.30 2.30 -0.80 4.94
180960 -4.20 2.40 -2.60 5.49
180980 -4.50 2.00 -1.70 5.21
181000 -4.40 2.10 -1.30 5.05
181020 -4.40 2.10 -1.50 5.10
181040 -4.50 2.30 -0.20 5.06
181060 -4.50 2.30 -0.10 5.05
181080 -4.70 2.20 -1.70 5.46
181100 -4.60 2.40 -1.30 5.35
181120 -4.50 2.50 -2.60 5.77
181140 -4.90 2.60 -2.10 5.93
181160 -4.50 2.60 -2.60 5.81
181180 -4.30 2.60 -2.20 5.49
181200 -4.70 2.40 -1.30 5.44
181220 -4.40 2.10 -1.80 5.20
181240 -4.80 2.10 -2.20 5.68
181260 -5.20 2.30 -1.90 5.99
181280 -4.40 2.60 -1.10 5.23
181300 -4.60 2.80 -2.10 5.78
181320 -4.00 2.30 -2.90 5.45
181340 -4.60 2.60 -1.90 5.62
181360 -4.60 2.50 -2.00 5.60
181380 -4.60 2.60 -1.40 5.47
181400 -4.20 2.90 -2.20 5.56
181420 -4.50 2.80 -2.30 5.78
181440 -4.20 2.60 -1.00 5.04
181460 -4.10 2.90 -1.50 5.24
181480 -4.40 2.40 -2.70 5.69
181500 -4.40 2.50 -2.80 5.78
181520 -4.10 2.00 -0.90 4.65
181540 -4.40 2.10 -2.40 5.43
181560 -4.00 2.10 -2.30 5.07
181580 -4.20 2.20 -2.20 5.23
181600 -4.20 2.10 -1.20 4.85
181620 -3.90 2.00 -2.10 4.86
181640 -4.10 2.10 -1.20 4.76
181660 -4.20 2.10 -2.60 5.37
181680 -4.40 2.10 -3.20 5.83
181700 -4.20 2.60 -2.40 5.49
181720 -4.10 2.30 -2.00 5.11
181740 -4.30 1.90 -2.50 5.32
181760 -4.20 2.20 -0.90 4.83
181780 -4.40 2.30 -2.30 5.47
181800 -4.40 2.30 -1.20 5.11
181820 -4.00 2.20 -2.30 5.11
181840 -3.90 2.30 -1.50 4.77
181860 -4.00 2.10 -1.10 4.65
181880 -3.70 2.20 -1.50 4.56
181900 -4.30 2.50 -2.20 5.44
181920 -4.40 2.40 -0.90 5.09
181940 -4.20 2.40 -2.00 5.23
181960 -4.00 2.00 -1.40 4.69
181980 -4.10 2.20 -1.70 4.95
182000 -4.00 2.40 -2.10 5.12
182020 -4.40 2.10 -2.80 5.62
182040 -3.80 2.20 -2.30 4.96
182060 -4.80 2.50 -2.30 5.88
182080 -3.70 2.00 -2.20 4.75
182100 -4.40 1.80 -1.20 4.90
182120 -4.10 2.00 -1.70 4.87
182140 -4.60 2.30 -1.80 5.45
182160 -4.50 2.20 -1.40 5.20
182180 -4.20 2.30 -3.00 5.65
182200 -4.20 1.80 -1.40 4.78
182220 -4.50 2.10 -2.40 5.52
182240 -4.30 2.20 -1.90 5.19
182260 -4.20 1.90 -1.60 4.88
182280 -3.90 1.80 -1.80 4.66
182300 -4.20 2.50 -1.90 5.24
182320 -3.80 1.80 -2.30 4.79
182340 -4.80 2.10 -2.20 5.68
182360 -4.30 2.20 -2.50 5.44
182380 -4.30 2.70 -3.60 6.22
182400 -3.90 2.30 -2.50 5.17
182420 -4.10 2.20 -2.00 5.06
182440 -4.70 1.90 -2.70 5.74
182460 -5.00 2.10 -1.80 5.71
182480 -4.10 1.90 -1.80 4.86
182500 -4.20 1.90 -2.90 5.45
182520 -4.40 2.10 -2.20 5.35
182540 -4.30 2.30 -0.90 4.96
182560 -4.60 2.20 -0.80 5.16
182580 -4.30 2.10 -2.60 5.45
182600 -4.30 1.70 -1.80 4.96
182620 -4.60 2.50 -2.30 5.72
182640 -3.90 2.10 -1.80 4.78
182660 -4.40 2.40 -1.70 5.29
182680 -4.20 2.70 -1.30 5.16
182700 -4.00 1.90 -1.80 4.78
182720 -3.80 1.90 -1.50 4.51
182740 -3.90 2.00 -2.50 5.05
182760 -4.20 2.10 -0.90 4.78
182780 -4.40 2.20 -1.40 5.11
182800 -4.10 2.30 -1.80 5.03
182820 -4.10 2.00 -1.90 4.94
182840 -4.30 1.60 -1.00 4.70
182860 -4.40 2.00 -2.20 5.31
182880 -4.30 2.10 -0.50 4.81
182900 -4.90 1.80 0.00 5.22
182920 -4.60 2.30 -2.30 5.63
182940 -4.60 1.90 -1.10 5.10
182960 -4.50 2.10 -2.20 5.43
182980 -4.00 1.80 -1.90 4.78
183000 -4.20 2.50 -0.90 4.97
183020 -4.00 1.70 -1.30 4.54
183040 -4.10 2.30 -2.00 5.11
183060 -4.80 2.20 -1.70 5.55
183080 -4.20 2.40 -1.70 5.13
183100 -4.00 2.00 -1.20 4.63
183120 -4.00 2.00 -1.30 4.66
183140 -3.70 2.10 -2.70 5.04
183160 -4.50 2.00 -2.70 5.62
183180 -4.00 2.20 -1.20 4.72
183200 -4.30 2.40 -1.60 5.18
183220 -4.50 2.20 -0.70 5.06
183240 -4.20 1.90 -1.10 4.74
183260 -4.40 1.70 -1.50 4.95
183280 -4.20 2.10 -0.50 4.72
183300 -4.60 2.30 -1.80 5.45
183320 -4.60 2.20 -2.60 5.72
183340 -4.20 2.40 -0.50 4.86
183360 -3.90 2.30 -2.30 5.08
183380 -4.30 2.40 -2.20 5.39
183400 -4.00 2.10 -1.90 4.90
183420 -3.90 2.20 -2.50 5.13
183440 -4.30 2.10 -2.70 5.49
183460 -4.30 2.10 -1.30 4.96
183480 -4.20 2.40 -2.30 5.36
183500 -4.10 2.50 -1.90 5.16
183520 -3.80 2.10 -2.10 4.82
183540 -3.90 2.60 -2.50 5.31
183560 -3.90 2.40 -2.90 5.42
183580 -4.10 2.20 -2.50 5.28
183600 -3.70 2.20 -3.50 5.55
183620 -3.70 2.10 -2.50 4.93
183640 -3.90 2.40 -2.10 5.04
183660 -4.30 2.20 -3.60 6.02
183680 -4.20 2.40 -1.90 5.20
183700 -3.60 2.10 -2.50 4.86
183720 -3.40 1.90 -2.50 4.63
183740 -3.70 2.10 -2.50 4.93
183760 -3.80 2.50 -2.80 5.34
183780 -4.40 2.20 -2.80 5.66
183800 -4.10 1.90 -2.40 5.12
183820 -3.70 1.90 -1.80 4.53
183840 -3.50 1.60 -3.50 5.20
183860 -4.00 2.20 -1.80 4.91
183880 -4.20 2.10 -2.40 5.27
183900 -4.20 2.20 -1.60 5.00
183920 -3.70 2.40 -1.70 4.73
183940 -3.70 2.20 -3.00 5.25
183960 -4.40 2.00 -2.40 5.40
183980 -4.50 1.60 -1.90 5.14
184000 -4.50 1.70 -2.30 5.33
184020 -4.30 2.10 -2.50 5.40
184040 -4.10 2.10 -1.20 4.76
184060 -3.50 1.80 -1.40 4.18
184080 -3.80 2.40 -2.60 5.19
184100 -3.80 1.90 -1.80 4.61
184120 -3.90 2.30 -1.90 4.91
184140 -3.80 1.70 -1.60 4.46
184160 -3.90 2.10 -2.30 4.99
184180 -3.90 2.30 -1.60 4.80
184200 -4.00 2.10 -1.20 4.67
184220 -4.60 2.30 -0.90 5.22
184240 -4.20 2.20 -2.10 5.19
184260 -3.90 2.30 -2.10 4.99
184280 -3.80 2.00 -2.50 4.97
184300 -4.20 1.80 -1.30 4.75
184320 -4.00 2.20 -2.00 4.98
184340 -4.30 2.40 -2.70 5.62
184360 -4.60 2.20 -2.70 5.77
184380 -4.50 2.00 -2.50 5.52
184400 -4.30 2.00 -0.70 4.79
184420 -4.30 2.70 -3.00 5.90
184440 -4.10 2.80 -2.70 5.65
184460 -4.50 2.70 -2.20 5.69
184480 -4.10 2.30 -2.10 5.15
184500 -4.10 2.20 -2.90 5.48
184520 -3.90 2.10 -2.40 5.04
184540 -4.70 2.00 -1.90 5.45
184560 -4.20 2.10 -3.20 5.68
184580 -4.20 2.00 -2.50 5.28
184600 -4.20 2.60 -1.30 5.11
184620 -4.70 2.20 -1.80 5.49
184640 -4.40 2.70 -0.60 5.20
184660 -3.90 2.00 -1.60 4.67
184680 -4.40 2.50 -2.10 5.48
184700 -4.20 2.70 -2.00 5.38
184720 -4.40 2.50 -1.90 5.41
184740 -4.80 2.10 -2.10 5.64
184760 -4.00 2.60 -2.30 5.30
184780 -4.10 3.20 -1.10 5.32
184800 -3.80 2.70 -2.50 5.29
184820 -3.80 2.70 -1.50 4.90
184840 -4.40 2.10 -1.50 5.10
184860 -4.20 2.40 -0.30 4.85
184880 -4.30 2.20 -2.40 5.39
184900 -4.20 2.00 -1.80 4.99
184920 -4.00 2.50 -1.40 4.92
184940 -4.70 2.00 -1.80 5.42
184960 -4.20 2.20 -2.10 5.19
184980 -4.60 2.40 -2.60 5.80
185000 -4.70 2.40 -1.30 5.44
185020 -4.30 2.20 -2.30 5.35
185040 -4.30 2.20 -1.60 5.09
185060 -4.40 2.60 -2.00 5.49
185080 -4.40 1.90 -1.90 5.16
185100 -4.40 1.80 -1.30 4.93
185120 -4.60 2.30 -1.60 5.39
185140 -4.50 2.50 -2.20 5.60
185160 -4.20 1.90 -2.00 5.02
185180 -4.40 1.80 -2.10 5.20
185200 -4.60 2.00 -1.60 5.26
185220 -4.40 2.10 -2.10 5.31
185240 -4.50 2.00 -0.60 4.96
185260 -4.40 2.20 -2.10 5.35
185280 -4.20 2.30 -0.80 4.85
185300 -4.40 2.40 -2.10 5.43
185320 -4.30 2.50 -1.30 5.14
185340 -4.20 2.40 -1.50 5.06
185360 -4.10 1.80 -2.50 5.13
185380 -4.40 2.50 -2.20 5.52
185400 -3.90 1.80 -2.00 4.74
185420 -4.30 2.50 -0.70 5.02
185440 -4.40 2.20 -1.40 5.11
185460 -3.90 2.40 0.00 4.58
185480 -4.00 2.40 -1.10 4.79
185500 -3.90 2.90 -0.80 4.93
185520 -4.00 2.40 -2.60 5.34
185540 -4.20 2.40 -2.40 5.40
185560 -3.80 2.20 -1.60 4.67
185580 -4.00 1.90 -1.40 4.64
185600 -4.50 2.20 -1.50 5.23
185620 -4.50 1.90 -1.20 5.03
185640 -4.10 1.70 -2.60 5.14
185660 -4.10 2.20 -2.40 5.24
185680 -3.90 2.20 -2.90 5.33
185700 -4.70 2.00 -2.60 5.73
185720 -4.30 1.90 -1.90 5.07
185740 -4.80 2.50 -1.60 5.64
185760 -5.10 2.20 -3.10 6.36
185780 -5.70 2.30 -2.90 6.80
185800 -6.00 2.50 -4.20 7.74
185820 -6.90 1.80 -3.30 7.86
185840 -6.10 1.70 -3.60 7.28
185860 -5.90 1.50 -4.60 7.63
185880 -4.80 1.00 -4.50 6.66
185900 -2.90 0.80 -6.70 7.34
185920 -0.60 0.60 -6.40 6.46
185940 1.90 0.40 -7.30 7.55
185960 7.70 0.40 -6.80 10.28
185980 12.50 0.40 -7.60 14.63
186000 17.50 1.10 -5.30 18.32
186020 23.50 3.40 -4.00 24.08
186040 34.80 8.10 2.80 35.84
186060 43.60 11.20 7.30 45.60
186080 53.30 12.90 16.30 57.21
186100 69.40 14.10 28.80 76.45
186120 81.10 15.10 40.50 91.90
186140 91.20 14.80 49.30 104.72
186160 102.90 10.80 62.10 120.67
186180 110.30 7.40 70.30 131.01
186200 117.60 3.70 78.60 141.50
186220 126.60 -1.00 92.20 156.62
186240 130.60 -3.90 97.20 162.85
186260 134.30 -6.50 102.70 169.19
186280 139.00 -9.90 110.70 177.97
186300 140.50 -11.30 112.70 180.47
186320 140.70 -10.60 115.40 182.28
186340 140.60 -10.90 113.30 180.90
186360 140.20 -11.30 114.20 181.18
186380 140.50 -11.60 114.20 181.43
186400 140.50 -10.90 114.80 181.76
186420 140.10 -10.80 113.30 180.50
186440 140.60 -11.10 114.70 181.79
186460 140.90 -10.90 113.90 181.51
186480 140.60 -11.00 112.70 180.53
186500 140.50 -11.10 113.20 180.77
186520 140.60 -10.70 113.10 180.76
186540 140.20 -10.60 113.50 180.69
186560 141.00 -10.90 114.10 181.71
186580 140.90 -11.60 115.10 182.31
186600 140.90 -11.10 114.60 181.96
186620 140.80 -11.50 113.90 181.47
186640 140.40 -10.60 113.40 180.79
186660 140.70 -10.90 114.80 181.92
186680 141.00 -10.50 113.50 181.31
186700 141.00 -11.00 113.20 181.15
186720 140.80 -10.90 112.70 180.68
186740 141.20 -14.70 111.90 180.76
186760 141.70 -17.30 111.50 181.14
186780 141.80 -20.10 111.10 181.26
186800 142.10 -21.50 111.60 181.96
186820 142.10 -22.00 111.10 181.71
186840 142.70 -23.00 112.00 182.86
186860 142.60 -24.70 111.60 182.76
186880 142.80 -26.40 112.40 183.64
186900 142.80 -26.90 110.60 182.61
186920 142.90 -30.00 109.40 182.45
186940 142.50 -32.40 108.70 182.13
186960 142.90 -35.00 109.30 183.28
186980 142.80 -40.00 110.40 184.88
187000 142.90 -43.40 109.40 185.13
187020 142.90 -46.30 110.30 186.36
187040 143.30 -50.30 108.70 186.76
187060 142.80 -52.30 108.60 186.87
187080 143.60 -53.90 108.90 188.11
187100 142.60 -56.70 109.90 188.75
187120 144.30 -59.00 112.10 192.02
187140 146.90 -60.00 118.00 197.75
187160 151.90 -60.10 131.20 209.52
187180 154.30 -61.00 138.10 215.87
187200 161.00 -56.50 158.60 232.95
187220 162.40 -56.10 167.20 239.74
187240 162.80 -60.70 167.60 241.41
187260 161.10 -69.50 160.10 237.52
187280 159.80 -72.00 158.00 235.97
187300 159.70 -72.60 158.60 236.49
187320 160.30 -72.20 160.50 238.05
187340 160.50 -72.50 161.30 238.82
187360 160.60 -73.40 164.10 241.06
187380 160.40 -77.20 164.00 242.04
187400 160.00 -80.30 164.70 243.26
187420 158.10 -86.20 160.10 240.95
187440 152.90 -94.60 149.40 233.77
187460 149.10 -99.30 141.70 228.41
187480 145.10 -103.40 133.20 222.46
187500 138.70 -107.50 121.00 213.15
187520 137.30 -109.60 118.40 211.85
187540 136.30 -109.90 117.30 210.75
187560 136.30 -110.80 117.10 211.11
187580 134.30 -112.60 113.80 208.96
187600 127.90 -116.20 104.80 202.10
187620 115.90 -120.30 89.60 189.56
187640 111.80 -122.70 85.60 186.77
187660 110.00 -125.50 85.00 187.28
187680 108.90 -130.50 86.70 190.80
187700 105.20 -132.60 84.30 189.09
187720 99.90 -133.70 79.20 184.74
187740 93.30 -135.00 70.90 178.76
187760 91.30 -136.00 70.20 178.21
187780 88.60 -136.30 66.40 175.60
187800 85.80 -137.50 64.50 174.44
187820 84.70 -137.60 63.90 173.76
187840 83.70 -139.20 65.20 175.02
187860 83.80 -142.80 66.50 178.43
187880 84.00 -144.40 67.70 180.25
187900 83.20 -145.40 67.10 180.46
187920 81.40 -146.80 67.40 180.88
187940 80.40 -147.70 66.00 180.65
187960 80.20 -148.60 67.50 181.85
187980 79.70 -148.20 67.70 181.38
188000 79.80 -147.90 67.40 181.07
188020 79.90 -147.40 68.30 181.04
188040 79.80 -147.40 68.50 181.07
188060 79.70 -147.80 68.20 181.24
188080 79.90 -147.80 67.50 181.07
188100 79.80 -148.00 67.20 181.07
188120 79.70 -147.80 68.50 181.35
188140 80.40 -148.10 67.40 181.50
188160 79.90 -147.90 66.70 180.85
188180 80.10 -147.90 68.20 181.50
188200 80.30 -147.60 68.00 181.27
188220 80.40 -147.70 67.80 181.32
188240 80.00 -147.90 67.40 181.16
188260 80.50 -148.50 67.60 181.94
188280 79.80 -148.20 66.30 180.91
188300 80.20 -148.40 66.80 181.43
188320 80.10 -148.10 68.00 181.59
188340 80.00 -148.10 67.30 181.28
188360 80.40 -147.90 66.80 181.11
188380 80.20 -148.20 67.50 181.53
188400 80.00 -148.30 67.60 181.56
188420 80.70 -148.40 65.40 181.14
188440 80.10 -148.60 65.90 181.22
188460 80.30 -148.10 65.70 180.83
188480 80.10 -148.40 66.00 181.09
188500 80.40 -148.40 65.90 181.19
188520 80.40 -148.00 65.80 180.83
188540 80.20 -148.20 65.60 180.83
188560 80.00 -147.80 66.00 180.56
188580 79.70 -148.10 65.60 180.52
188600 80.20 -148.20 66.20 181.05
188620 79.90 -147.80 65.70 180.40
188640 79.60 -148.00 65.50 180.36
188660 80.30 -148.10 65.50 180.75
188680 80.10 -148.20 65.50 180.75
188700 79.90 -147.80 65.80 180.44
188720 79.70 -148.40 66.30 181.03
188740 81.10 -149.20 65.20 181.90
188760 80.60 -148.80 63.80 180.85
188780 78.00 -146.00 59.70 175.97
188800 74.60 -142.00 52.50 168.78
188820 74.40 -142.20 53.60 169.20
188840 76.80 -144.60 53.70 172.31
188860 133.30 -205.50 79.90 257.65
188880 255.30 -324.60 137.70 435.32
188900 256.90 -328.20 149.60 442.82
188920 258.50 -328.80 149.20 444.06
188940 255.90 -323.80 150.30 439.23
188960 253.50 -319.80 148.30 434.20
188980 251.90 -318.20 148.30 432.09
189000 249.90 -315.50 145.60 428.01
189020 246.30 -309.50 139.30 419.35
189040 235.40 -291.60 119.20 393.26
189060 212.60 -263.30 89.90 350.15
189080 184.40 -231.70 54.90 301.17
189100 153.30 -198.20 21.70 251.51
189120 140.10 -184.60 11.80 232.04
189140 130.80 -174.60 5.20 218.22
189160 115.60 -159.70 -6.40 197.25
189180 106.90 -151.50 -11.30 185.76
189200 102.70 -147.40 -14.20 180.21
189220 101.80 -146.30 -15.60 178.91
189240 101.90 -146.00 -15.30 178.70
189260 102.40 -145.20 -15.50 178.35
189280 104.40 -144.90 -14.90 179.21
189300 109.80 -147.00 -11.50 183.84
189320 124.20 -151.70 -8.00 196.22
189340 136.40 -155.00 -1.40 206.47
189360 145.10 -157.30 1.70 214.01
189380 152.10 -158.70 5.20 219.88
189400 153.60 -158.10 5.20 220.49
189420 158.90 -158.10 7.60 224.28
189440 169.80 -157.90 13.80 232.28
189460 173.80 -156.60 14.90 234.42
189480 180.30 -158.00 18.10 240.42
189500 193.30 -159.00 26.40 251.68
189520 204.80 -159.60 32.60 261.68
189540 216.20 -159.70 41.10 271.91
189560 221.00 -159.50 43.90 276.06
189580 220.40 -158.90 43.20 275.12
189600 219.30 -158.10 43.30 273.79
189620 216.80 -157.10 41.60 270.95
189640 215.60 -155.90 40.90 269.19
189660 215.30 -156.10 38.70 268.74
189680 214.60 -155.70 40.20 268.16
189700 214.30 -155.20 40.10 267.62
189720 214.50 -155.20 40.10 267.78
189740 213.60 -155.30 40.30 267.15
189760 213.70 -155.10 40.90 267.20
189780 213.40 -155.60 40.40 267.18
189800 212.80 -154.90 41.80 266.51
189820 212.40 -155.20 41.20 266.27
189840 212.80 -155.10 41.90 266.64
189860 212.80 -155.10 40.30 266.39
189880 212.90 -155.10 42.20 266.76
189900 213.00 -154.90 41.60 266.63
189920 213.00 -155.60 42.20 267.14
189940 212.40 -154.70 41.50 266.02
189960 213.00 -154.70 40.20 266.30
189980 212.70 -154.90 41.00 266.30
190000 212.80 -154.70 40.80 266.23
190020 212.50 -154.60 40.50 265.89
190040 212.80 -155.10 40.30 266.39
190060 212.70 -155.20 39.90 266.31
190080 212.30 -155.00 41.80 266.16
190100 212.50 -155.40 40.60 266.37
190120 212.60 -155.10 40.60 266.28
190140 212.80 -154.70 40.80 266.23
190160 212.70 -155.30 40.70 266.49
190180 212.70 -155.40 40.60 266.53
190200 212.70 -155.20 40.70 266.43
190220 212.90 -155.00 41.10 266.53
190240 212.70 -155.50 40.80 266.62
190260 212.50 -155.20 41.80 266.44
190280 212.80 -155.20 40.80 266.52
190300 212.50 -155.20 41.10 266.33
190320 213.00 -155.20 40.30 266.61
190340 212.30 -154.70 40.00 265.71
190360 213.20 -155.60 40.80 267.08
190380 212.90 -155.20 41.40 266.70
190400 212.40 -155.30 41.70 266.40
190420 212.30 -155.50 41.10 266.35
190440 212.40 -155.20 40.50 266.16
190460 212.20 -155.00 40.50 265.88
190480 212.30 -154.90 40.80 265.95
190500 212.30 -155.00 41.00 266.04
190520 212.50 -155.40 40.50 266.36
190540 212.30 -155.50 40.50 266.26
190560 212.40 -155.30 42.40 266.51
190580 212.30 -155.10 40.60 266.04
190600 212.20 -155.60 41.50 266.39
190620 212.80 -154.70 41.30 266.31
190640 212.20 -154.80 41.90 265.98
190660 212.40 -155.50 41.10 266.43
190680 212.50 -155.00 40.70 266.15
190700 212.80 -154.90 40.20 266.26
190720 212.70 -155.20 39.90 266.31
190740 212.70 -155.20 41.30 266.52
190760 212.30 -154.90 41.00 265.98
190780 212.60 -154.60 40.10 265.91
190800 212.80 -155.20 40.40 266.46
190820 212.40 -155.90 40.90 266.63
190840 212.70 -155.30 40.90 266.52
190860 213.00 -155.20 40.80 266.68
190880 213.00 -155.20 40.60 266.65
190900 212.80 -155.10 40.70 266.45
190920 212.60 -155.10 41.90 266.48
190940 212.80 -155.30 40.40 266.52
190960 213.30 -154.80 40.70 266.68
190980 212.90 -155.80 41.50 267.06
191000 213.00 -155.40 39.60 266.62
191020 212.70 -155.60 40.80 266.68
191040 213.40 -155.50 40.80 267.18
191060 213.30 -155.60 40.60 267.13
191080 212.90 -155.80 39.70 266.79
191100 213.70 -156.00 39.10 267.46
191120 214.20 -156.30 41.10 268.33
191140 214.20 -156.00 39.50 267.91
191160 214.30 -155.90 39.40 267.92
191180 214.40 -156.30 40.20 268.35
191200 214.10 -155.60 39.00 267.53
191220 214.90 -156.30 41.40 268.93
191240 215.30 -156.30 39.90 269.03
191260 216.10 -157.20 39.60 270.15
191280 219.20 -158.20 40.30 273.31
191300 232.00 -162.60 49.20 287.55
191320 241.20 -165.10 55.80 297.57
191340 243.20 -165.60 56.30 299.57
191360 243.70 -166.00 56.20 300.17
191380 244.60 -166.30 56.70 301.16
191400 245.40 -166.70 56.90 302.07
191420 247.50 -167.70 57.30 304.41
191440 247.40 -168.00 56.00 304.25
191460 248.90 -168.40 55.90 305.67
191480 250.60 -170.00 53.70 307.55
191500 251.60 -171.30 50.10 308.47
191520 254.10 -174.30 45.40 311.46
191540 256.90 -179.10 32.60 314.86
191560 255.00 -179.60 28.70 313.22
191580 257.30 -180.40 29.10 315.59
191600 262.10 -181.30 30.50 320.15
191620 264.10 -182.50 29.00 322.33
191640 265.60 -182.50 26.60 323.35
191660 269.40 -184.10 26.00 327.33
191680 274.60 -185.80 25.90 332.56
191700 292.50 -191.60 18.90 350.18
191720 300.90 -192.80 3.80 357.39
191740 320.40 -193.90 1.60 374.51
191760 337.80 -191.30 0.30 388.21
191780 335.10 -185.60 -12.20 383.26
191800 341.70 -180.80 -29.20 387.69
191820 352.80 -172.90 -43.20 395.26
191840 361.20 -167.50 -48.20 401.05
191860 371.20 -163.60 -48.60 408.55
191880 412.70 -161.70 -48.00 445.84
191900 449.20 -159.40 -41.80 478.47
191920 484.30 -155.80 -32.90 509.81
191940 582.10 -144.20 -19.60 600.02
191960 649.30 -130.70 -6.30 662.35
191980 737.10 -108.90 22.20 745.43
192000 951.00 -29.50 100.70 956.77
192020 1095.00 54.20 180.00 1111.02
192040 1218.70 160.80 280.80 1260.93
192060 1250.40 204.20 317.30 1306.09
192080 1250.80 221.40 338.10 1314.47
192100 1227.70 214.60 342.30 1292.47
192120 1212.60 206.40 340.80 1276.38
192140 1189.50 196.20 341.90 1253.12
192160 1167.10 187.60 344.20 1231.17
192180 1160.90 174.30 333.70 1220.42
192200 1153.00 164.10 326.60 1209.55
192220 1129.40 154.60 326.10 1185.66
192240 1117.00 152.10 327.60 1173.94
192260 1109.30 147.20 325.80 1165.49
192280 1105.80 142.50 321.60 1160.40
192300 1105.20 142.30 322.60 1160.08
192320 1105.30 140.10 318.20 1158.69
192340 1098.50 137.50 317.80 1151.78
192360 1091.70 134.10 317.00 1144.67
192380 1088.90 128.10 311.50 1139.80
192400 1089.30 129.10 311.60 1140.32
192420 1087.90 128.50 310.70 1138.67
192440 1084.10 128.10 314.80 1136.13
192460 1082.30 126.80 311.60 1133.38
192480 1082.00 122.40 309.70 1132.09
192500 1080.70 119.50 306.10 1129.55
192520 1080.00 118.10 305.00 1128.44
192540 1080.70 118.70 304.80 1129.12
192560 1082.50 117.90 302.80 1130.22
192580 1084.30 118.60 303.70 1132.26
192600 1085.40 117.80 301.90 1132.75
192620 1085.00 117.50 302.60 1132.52
192640 1085.90 116.40 300.70 1132.76
192660 1084.70 114.80 299.60 1131.16
192680 1085.20 113.90 298.20 1131.17
192700 1085.40 112.30 296.70 1130.81
192720 1083.80 110.10 295.60 1128.77
192740 1081.60 108.50 293.30 1125.90
192760 1079.60 107.30 292.70 1123.71
192780 1077.50 103.60 289.30 1120.46
192800 1076.50 101.80 287.90 1118.97
192820 1077.90 103.40 288.70 1120.67
192840 1078.30 103.90 290.20 1121.49
192860 1078.10 103.10 289.60 1121.07
192880 1080.40 102.70 287.80 1122.78
192900 1078.30 101.70 287.20 1120.52
192920 1075.70 99.80 286.80 1117.74
192940 1075.80 98.80 283.80 1116.98
192960 1071.80 95.80 281.50 1112.28
192980 1067.30 92.20 281.10 1107.54
193000 1066.90 91.70 280.60 1106.99
193020 1065.60 91.60 280.50 1105.70
193040 1065.40 89.00 277.40 1104.51
193060 1064.20 88.10 276.90 1103.16
193080 1061.70 87.90 277.70 1100.93
193100 1062.20 88.80 278.10 1101.59
193120 1061.50 88.70 278.20 1100.93
193140 1061.20 89.10 278.00 1100.62
193160 1060.80 87.80 276.60 1099.78
193180 1058.70 86.70 277.00 1097.77
193200 1059.40 86.70 276.30 1098.27
193220 1060.60 87.30 275.00 1099.14
193240 1059.30 87.00 274.90 1097.84
193260 1059.50 87.50 275.80 1098.30
193280 1060.00 87.50 276.50 1098.96
193300 1059.20 87.50 276.00 1098.06
193320 1058.40 87.90 276.70 1097.50
193340 1060.60 87.80 276.10 1099.46
193360 1061.10 88.50 277.10 1100.25
193380 1059.20 88.00 275.60 1098.00
193400 1060.40 87.40 275.10 1098.98
193420 1059.40 86.50 274.40 1097.77
193440 1053.30 83.80 273.40 1091.43
193460 1054.30 83.70 273.10 1092.31
193480 1055.10 83.70 272.00 1092.81
193500 1055.40 82.40 270.40 1092.60
193520 1058.20 81.80 269.20 1094.96
193540 1057.60 80.70 266.90 1093.74
193560 1055.00 79.20 265.90 1090.87
193580 1051.40 78.10 266.20 1087.38
193600 1054.20 78.60 264.90 1089.81
193620 1055.00 78.40 266.00 1090.84
193640 1052.80 76.70 265.30 1088.42
193660 1052.00 75.80 264.50 1087.39
193680 1052.80 75.50 262.70 1087.70
193700 1053.10 75.70 263.60 1088.23
193720 1051.10 74.40 262.80 1086.01
193740 1051.60 74.30 263.70 1086.70
193760 1051.20 75.10 262.90 1086.18
193780 1050.00 73.50 261.10 1084.47
193800 1048.70 72.10 261.20 1083.14
193820 1048.00 71.50 261.20 1082.42
193840 1043.20 69.60 260.20 1077.41
193860 1037.60 66.50 258.70 1071.43
193880 1032.90 64.00 255.70 1066.00
193900 1032.60 63.50 256.10 1065.78
193920 1028.80 62.90 255.80 1061.99
193940 1026.20 62.00 256.50 1059.59
193960 1027.90 61.20 254.10 1060.61
193980 1030.30 61.70 254.40 1063.04
194000 1030.40 61.60 253.80 1062.98
194020 1029.30 60.70 254.20 1061.96
194040 1028.50 60.50 253.20 1060.93
194060 1024.30 59.20 251.80 1056.46
194080 1024.90 58.70 251.60 1056.96
194100 1023.90 58.70 251.70 1056.02
194120 1020.40 57.30 252.80 1052.81
194140 1020.60 57.70 252.70 1053.00
194160 1024.70 58.00 252.10 1056.85
194180 1026.40 57.60 250.40 1058.07
194200 1022.80 56.00 249.30 1054.23
194220 1021.60 55.40 249.70 1053.13
194240 1024.00 55.30 248.10 1055.08
194260 1021.40 54.50 248.30 1052.56
194280 1019.00 53.90 247.80 1050.08
194300 1020.40 54.20 247.90 1051.48
194320 1022.90 54.30 249.10 1054.19
194340 1021.80 54.20 248.50 1052.98
194360 1020.00 53.60 247.00 1050.85
194380 1019.40 52.80 246.80 1050.18
194400 1015.00 51.90 247.30 1045.98
194420 1017.50 51.60 246.80 1048.27
194440 1016.60 51.90 245.70 1047.16
194460 1012.90 49.40 245.70 1043.44
194480 1007.80 47.00 243.90 1037.96
194500 1002.80 45.20 243.20 1032.86
194520 1002.10 45.50 243.50 1032.26
194540 1001.80 44.70 243.50 1031.94
194560 999.50 44.50 242.40 1029.44
194580 1003.10 43.70 241.90 1032.78
194600 1003.40 43.20 239.70 1032.54
194620 1001.70 41.00 238.60 1030.54
194640 1000.20 40.70 237.90 1028.91
194660 998.70 38.70 237.10 1027.19
194680 993.70 35.20 234.40 1021.58
194700 988.50 32.20 233.10 1016.12
194720 984.10 29.90 229.80 1011.02
194740 984.20 26.70 226.00 1010.17
194760 983.90 26.40 226.20 1009.91
194780 982.80 25.50 223.50 1008.22
194800 986.10 24.80 222.90 1011.28
194820 984.10 23.50 221.80 1009.06
194840 977.90 21.00 220.30 1002.63
194860 979.20 21.30 220.20 1003.88
194880 978.70 20.90 219.30 1003.19
194900 977.60 20.20 219.80 1002.21
194920 976.50 20.50 219.60 1001.10
194940 973.50 19.50 217.70 997.74
194960 969.30 17.40 217.40 993.53
194980 969.30 18.10 218.20 993.72
195000 971.90 18.00 217.60 996.12
195020 969.10 17.10 217.50 993.35
195040 965.80 15.70 216.60 989.91
195060 967.00 16.40 216.90 991.16
195080 970.30 17.70 218.20 994.69
195100 969.00 16.90 217.50 993.25
195120 966.60 16.40 217.30 990.86
195140 968.50 16.20 216.40 992.51
195160 967.70 16.00 216.80 991.82
195180 967.70 15.40 215.10 991.44
195200 966.40 14.20 215.00 990.13
195220 961.40 13.40 215.00 985.24
195240 958.00 12.10 213.90 981.66
195260 959.10 11.30 212.40 982.40
195280 958.80 10.50 211.80 981.97
195300 956.80 10.80 213.30 980.35
195320 957.00 11.10 212.30 980.33
195340 957.00 10.60 213.70 980.63
195360 956.30 10.40 212.30 979.64
195380 961.30 10.60 210.70 984.18
195400 959.60 10.00 210.60 982.49
195420 959.00 9.90 209.60 981.69
195440 956.80 8.50 210.50 979.72
195460 957.70 8.70 209.70 980.43
195480 959.10 9.40 209.60 981.78
195500 957.50 7.70 209.00 980.07
195520 954.80 6.30 206.30 976.85
195540 957.50 6.60 208.10 979.88
195560 958.20 7.40 207.30 980.40
195580 957.10 6.50 206.80 979.21
195600 955.70 6.00 205.40 977.54
195620 956.60 6.00 204.20 978.17
195640 955.70 5.90 206.50 977.77
195660 955.60 5.80 205.40 977.44
195680 957.30 6.30 206.60 979.36
195700 956.40 6.40 204.80 978.10
195720 954.70 4.80 206.60 976.81
195740 954.10 5.00 204.90 975.87
195760 953.40 5.50 207.40 975.71
195780 954.60 5.50 207.80 976.97
195800 955.00 5.00 205.10 976.79
195820 952.80 4.70 206.40 974.91
195840 952.50 5.20 207.20 974.79
195860 955.10 5.10 206.50 977.18
195880 953.40 4.60 206.70 975.56
195900 953.80 4.20 205.50 975.70
195920 958.90 4.20 203.90 980.35
195940 965.10 4.80 201.50 985.92
195960 970.30 3.30 198.90 990.48
195980 987.10 -0.80 187.00 1004.66
196000 985.60 -6.10 178.10 1001.58
196020 975.30 -21.70 158.50 988.33
196040 993.00 -55.00 95.90 999.14
196060 1043.20 -71.70 34.70 1046.24
196080 1044.10 -67.80 41.00 1047.10
196100 909.60 16.80 175.60 926.55
196120 820.10 84.80 160.70 839.99
196140 634.90 158.40 144.80 670.19
196160 500.60 173.80 143.40 548.97
196180 398.60 173.00 126.80 452.65
196200 302.40 167.40 82.10 355.26
196220 248.00 161.90 59.30 302.05
196240 201.30 150.10 42.20 254.62
196260 144.50 129.50 12.10 194.41
196280 112.50 117.30 -1.80 162.54
196300 85.10 101.80 -14.00 133.42
196320 53.70 76.00 -24.50 96.23
196340 38.10 58.90 -27.20 75.24
196360 26.10 44.60 -30.10 59.80
196380 13.00 28.00 -27.70 41.48
196400 6.70 19.90 -24.20 32.04
196420 1.50 12.70 -23.10 26.40
196440 -3.60 6.40 -19.60 20.93
196460 -6.30 3.40 -17.50 18.91
196480 -7.50 1.10 -15.70 17.43
196500 -8.30 -0.20 -13.60 15.93
196520 -9.30 -1.60 -12.00 15.27
196540 -9.70 -2.20 -9.50 13.75
196560 -9.70 -1.80 -9.90 13.98
196580 -9.90 -1.90 -9.50 13.85
196600 -9.60 -2.50 -7.50 12.44
196620 -9.20 -2.00 -8.10 12.42
196640 -9.10 -1.30 -7.50 11.86
196660 -8.30 -1.70 -6.90 10.93
196680 -6.70 -1.90 -7.10 9.95
196700 -6.40 -1.80 -6.10 9.02
196720 -6.20 -2.00 -6.90 9.49
196740 -5.90 -1.10 -5.70 8.28
196760 -6.10 -1.50 -7.40 9.71
196780 -5.70 -2.00 -7.30 9.48
196800 -6.10 -1.60 -5.60 8.43
196820 -5.80 -1.50 -5.60 8.20
196840 -6.10 -1.40 -5.40 8.27
196860 -5.50 -1.50 -6.70 8.80
196880 -6.10 -1.70 -7.00 9.44
196900 -5.60 -1.50 -5.90 8.27
196920 -5.90 -1.50 -5.60 8.27
196940 -6.40 -1.20 -5.80 8.72
196960 -6.40 -1.20 -6.50 9.20
196980 -6.10 -1.30 -6.50 9.01
197000 -6.30 -1.50 -7.00 9.54
197020 -6.10 -1.80 -6.10 8.81
197040 -6.00 -1.80 -6.30 8.88
197060 -6.10 -1.20 -5.90 8.57
197080 -5.80 -1.70 -6.30 8.73
197100 -5.90 -1.20 -6.20 8.64
197120 -5.90 -1.20 -6.30 8.71
197140 -6.20 -1.30 -7.40 9.74
197160 -6.30 -1.10 -7.00 9.48
197180 -6.30 -1.00 -5.40 8.36
197200 -6.20 -1.40 -5.50 8.41
197220 -6.40 -1.10 -6.00 8.84
197240 -6.20 -1.50 -5.40 8.36
197260 -6.20 -1.60 -5.60 8.51
197280 -6.30 -1.70 -4.90 8.16
197300 -6.20 -1.60 -6.60 9.20
197320 -6.30 -1.90 -6.00 8.91
197340 -6.10 -1.70 -5.80 8.59
197360 -6.10 -1.70 -6.80 9.29
197380 -6.60 -1.80 -7.60 10.23
197400 -6.40 -1.50 -5.80 8.77
197420 -6.20 -1.60 -6.00 8.77
197440 -6.10 -1.30 -5.70 8.45
197460 -6.20 -1.40 -5.90 8.67
197480 -6.10 -1.90 -6.70 9.26
197500 -5.80 -2.50 -6.40 8.99
197520 -6.20 -1.60 -7.20 9.64
197540 -6.20 -1.50 -6.20 8.90
197560 -6.10 -1.80 -7.00 9.46
197580 -6.00 -1.60 -7.60 9.81
197600 -5.70 -1.40 -6.10 8.47
197620 -6.80 -1.60 -6.20 9.34
197640 -6.50 -1.50 -6.10 9.04
197660 -6.10 -1.70 -6.70 9.22
197680 -6.00 -1.10 -6.70 9.06
197700 -5.60 -1.30 -6.40 8.60
197720 -5.70 -1.20 -7.00 9.11
197740 -5.80 -1.20 -6.30 8.65
197760 -6.50 -1.40 -7.00 9.65
197780 -5.80 -1.40 -5.40 8.05
197800 -6.20 -1.10 -6.00 8.70
197820 -6.00 -1.40 -5.80 8.46
197840 -6.10 -1.30 -5.80 8.52
197860 -6.40 -1.60 -6.00 8.92
197880 -6.10 -1.20 -5.40 8.23
197900 -6.30 -1.30 -6.20 8.93
197920 -6.10 -1.10 -5.20 8.09
197940 -6.00 -1.20 -7.40 9.60
197960 -6.30 -1.40 -6.00 8.81
197980 -6.70 -1.50 -5.60 8.86
198000 -6.50 -1.40 -4.70 8.14
198020 -5.90 -1.30 -6.10 8.59
198040 -6.00 -2.50 -7.70 10.08
198060 -5.50 -0.90 -6.50 8.56
198080 -6.20 -1.20 -6.30 8.92
198100 -6.00 -1.60 -7.20 9.51
198120 -6.10 -1.70 -5.70 8.52
198140 -5.90 -1.80 -5.30 8.13
198160 -6.00 -1.60 -6.10 8.70
198180 -6.10 -1.60 -7.00 9.42
198200 -6.50 -1.40 -6.40 9.23
198220 -6.40 -1.60 -7.00 9.62
198240 -6.10 -1.40 -6.60 9.10
198260 -6.40 -1.50 -6.30 9.10
198280 -6.20 -1.40 -7.00 9.46
198300 -6.30 -1.80 -5.90 8.82
198320 -6.20 -1.50 -6.40 9.04
198340 -6.30 -1.40 -6.80 9.37
198360 -5.80 -1.70 -7.00 9.25
198380 -6.00 -1.60 -7.20 9.51
198400 -6.10 -1.70 -7.80 10.05
198420 -6.10 -2.00 -7.10 9.57
198440 -6.30 -1.60 -6.80 9.41
198460 -6.20 -1.90 -7.40 9.84
198480 -6.60 -1.50 -6.60 9.45
198500 -6.60 -1.60 -7.70 10.27
198520 -6.70 -1.50 -6.70 9.59
198540 -6.30 -1.30 -7.50 9.88
198560 -6.20 -1.40 -7.70 9.98
198580 -5.70 -1.50 -6.60 8.85
198600 -6.20 -1.60 -8.30 10.48
198620 -6.30 -1.20 -6.60 9.20
198640 -6.30 -1.60 -8.00 10.31
198660 -6.40 -1.90 -7.00 9.67
198680 -6.10 -2.20 -6.10 8.90
198700 -6.40 -1.50 -6.60 9.32
198720 -6.10 -1.40 -6.60 9.10
198740 -6.50 -1.60 -7.80 10.28
198760 -6.30 -1.40 -7.10 9.59
198780 -6.00 -2.00 -6.60 9.14
198800 -5.80 -1.90 -6.30 8.77
198820 -6.20 -1.50 -6.60 9.18
198840 -6.10 -1.30 -6.20 8.79
198860 -6.60 -1.80 -6.20 9.23
198880 -6.40 -2.00 -5.60 8.74
198900 -6.50 -1.30 -6.00 8.94
198920 -6.10 -1.40 -6.00 8.67
198940 -7.10 -1.60 -6.40 9.69
198960 -6.60 -1.30 -7.10 9.78
198980 -6.70 -1.40 -7.50 10.15
199000 -6.90 -1.30 -7.10 9.99
199020 -6.60 -1.30 -6.50 9.35
199040 -6.00 -1.10 -7.20 9.44
199060 -6.00 -1.50 -7.80 9.95
199080 -6.40 -1.70 -6.00 8.94
199100 -6.80 -1.50 -6.00 9.19
199120 -6.70 -1.50 -6.70 9.59
199140 -6.40 -1.20 -6.70 9.34
199160 -6.50 -1.60 -5.90 8.92
199180 -6.10 -2.00 -7.20 9.65
199200 -6.40 -1.40 -7.10 9.66
199220 -6.20 -1.30 -6.70 9.22
199240 -5.90 -1.40 -6.60 8.96
199260 -6.20 -1.50 -7.10 9.54
199280 -6.40 -1.50 -7.00 9.60
199300 -6.20 -1.50 -6.90 9.40
199320 -6.40 -1.00 -5.70 8.63
199340 -6.00 -1.70 -6.30 8.86
199360 -6.50 -1.30 -6.60 9.35
199380 -6.40 -1.20 -6.70 9.34
199400 -6.50 -1.50 -8.10 10.49
199420 -6.40 -1.00 -6.00 8.83
199440 -6.60 -1.30 -5.80 8.88
199460 -6.30 -1.10 -6.60 9.19
199480 -6.40 -0.90 -5.30 8.36
199500 -6.50 -1.70 -6.90 9.63
199520 -6.20 -1.40 -6.80 9.31
199540 -6.50 -1.60 -5.30 8.54
199560 -7.10 -1.50 -5.60 9.17
199580 -6.80 -1.60 -6.10 9.27
199600 -5.80 -1.40 -7.00 9.20
199620 -6.40 -1.20 -5.60 8.59
199640 -6.70 -1.10 -6.50 9.40
199660 -6.70 -1.50 -5.50 8.80
199680 -6.60 -1.30 -5.80 8.88
199700 -6.80 -1.70 -6.80 9.77
199720 -6.20 -2.00 -4.70 8.03
199740 -6.20 -1.60 -6.10 8.84
199760 -6.50 -1.20 -7.50 10.00
199780 -6.50 -1.40 -6.50 9.30
199800 -6.40 -1.90 -6.00 8.98
199820 -6.50 -1.70 -6.40 9.28
199840 -6.20 -2.10 -6.70 9.37
199860 -6.00 -1.90 -6.60 9.12
199880 -6.00 -1.60 -6.70 9.14
199900 -6.00 -1.50 -5.50 8.28
199920 -6.20 -1.80 -6.00 8.81
199940 -5.90 -1.70 -6.70 9.09
199960 -5.80 -1.50 -6.30 8.69
199980 -5.90 -1.60 -6.10 8.64
200000 -6.40 -1.50 -7.70 10.12
200020 -6.30 -1.40 -6.60 9.23
200040 -6.00 -1.50 -5.80 8.48
200060 -6.10 -1.70 -6.80 9.29
200080 -6.10 -1.40 -5.70 8.47
200100 -5.90 -1.40 -6.80 9.11
200120 -5.60 -1.00 -5.20 7.71
200140 -5.80 -1.60 -5.50 8.15
200160 -5.90 -1.50 -5.80 8.41
200180 -6.20 -1.10 -4.80 7.92
200200 -6.60 -1.50 -6.30 9.25
200220 -5.80 -1.70 -7.00 9.25
200240 -6.00 -1.70 -5.70 8.45
200260 -5.90 -2.00 -5.40 8.24
200280 -6.10 -1.50 -6.20 8.83
200300 -6.20 -2.00 -6.00 8.86
200320 -6.20 -1.50 -4.50 7.81
200340 -6.40 -1.60 -6.00 8.92
200360 -6.40 -1.30 -5.80 8.73
200380 -6.00 -1.20 -6.40 8.85
200400 -6.10 -1.40 -6.10 8.74
200420 -6.40 -1.70 -6.40 9.21
200440 -6.50 -1.80 -5.40 8.64
200460 -6.50 -1.90 -6.10 9.11
200480 -6.50 -1.30 -6.00 8.94
200500 -6.50 -1.90 -5.40 8.66
200520 -6.20 -1.50 -6.20 8.90
200540 -6.20 -1.40 -5.60 8.47
200560 -6.30 -1.70 -5.80 8.73
200580 -6.30 -1.60 -7.10 9.63
200600 -6.40 -1.00 -5.70 8.63
200620 -6.00 -1.40 -6.10 8.67
200640 -6.10 -1.50 -5.80 8.55
200660 -6.00 -1.20 -5.90 8.50
200680 -5.90 -1.30 -5.00 7.84
200700 -6.20 -1.30 -6.00 8.73
200720 -5.80 -1.60 -5.10 7.89
200740 -6.20 -1.00 -6.70 9.18
200760 -5.80 -1.40 -6.50 8.82
200780 -6.00 -0.80 -5.60 8.25
200800 -5.60 -1.30 -6.50 8.68
200820 -6.30 -1.40 -5.60 8.54
200840 -6.10 -1.20 -7.00 9.36
200860 -5.60 -1.70 -4.80 7.57
200880 -5.70 -1.50 -4.60 7.48
200900 -5.60 -1.40 -5.40 7.90
200920 -6.10 -1.50 -5.90 8.62
200940 -5.90 -1.50 -5.30 8.07
200960 -5.90 -1.40 -7.10 9.34
200980 -5.60 -1.50 -5.30 7.85
201000 -5.90 -1.40 -4.80 7.73
201020 -6.10 -1.00 -6.10 8.68
201040 -6.00 -1.00 -5.20 8.00
201060 -6.00 -1.40 -6.00 8.60
201080 -6.10 -1.20 -6.10 8.71
201100 -5.80 -1.80 -5.70 8.33
201120 -6.00 -1.60 -6.70 9.14
201140 -6.10 -1.40 -6.50 9.02
201160 -6.30 -1.80 -7.10 9.66
201180 -5.90 -1.60 -5.50 8.22
201200 -6.40 -1.40 -5.30 8.43
201220 -5.90 -1.10 -5.80 8.35
201240 -5.90 -1.10 -6.70 8.99
201260 -6.00 -1.50 -5.30 8.14
201280 -6.00 -1.00 -6.00 8.54
201300 -5.90 -1.60 -6.00 8.57
201320 -6.10 -0.70 -5.80 8.45
201340 -5.90 -1.30 -5.60 8.24
201360 -5.90 -1.30 -5.80 8.37
201380 -6.30 -1.20 -5.60 8.51
201400 -6.40 -1.60 -6.80 9.47
201420 -6.00 -1.10 -7.20 9.44
201440 -6.30 -1.60 -5.70 8.65
201460 -6.70 -1.50 -6.10 9.18
201480 -6.80 -1.10 -6.20 9.27
201500 -6.10 -1.50 -5.60 8.42
201520 -6.10 -1.30 -6.30 8.87
201540 -6.40 -1.80 -5.90 8.89
201560 -6.10 -1.20 -6.30 8.85
201580 -6.10 -1.20 -5.70 8.43
201600 -5.90 -1.20 -5.60 8.22
201620 -6.10 -1.40 -7.10 9.46
201640 -6.30 -1.20 -5.60 8.51
201660 -6.10 -1.30 -6.00 8.65
201680 -6.50 -1.40 -5.90 8.89
201700 -5.60 -1.30 -5.30 7.82
201720 -6.10 -1.40 -5.80 8.53
201740 -5.70 -1.70 -5.20 7.90
201760 -5.80 -1.40 -5.50 8.11
201780 -5.70 -2.10 -4.20 7.39
201800 -5.90 -1.50 -5.50 8.20
201820 -6.40 -1.70 -5.40 8.54
201840 -6.40 -1.40 -5.20 8.36
201860 -6.00 -1.90 -5.50 8.36
201880 -5.90 -1.10 -4.90 7.75
201900 -6.00 -1.10 -5.90 8.49
201920 -6.00 -1.00 -5.90 8.47
201940 -6.10 -1.40 -7.60 9.85
201960 -5.60 -1.00 -5.90 8.20
201980 -6.20 -1.60 -6.70 9.27
202000 -6.00 -1.30 -5.60 8.31
202020 -6.10 -1.70 -6.70 9.22
202040 -5.90 -1.00 -6.60 8.91
202060 -6.10 -1.60 -6.20 8.84
202080 -5.50 -1.40 -6.00 8.26
202100 -6.30 -1.60 -6.00 8.85
202120 -6.20 -1.70 -5.60 8.53
202140 -5.90 -1.40 -6.00 8.53
202160 -6.10 -1.40 -6.40 8.95
202180 -6.00 -1.70 -6.80 9.23
202200 -5.80 -1.70 -6.00 8.52
202220 -5.90 -1.40 -7.60 9.72
202240 -5.70 -1.30 -5.50 8.03
202260 -5.90 -1.90 -6.00 8.63
202280 -6.00 -1.80 -7.10 9.47
202300 -5.80 -1.20 -6.50 8.79
202320 -5.60 -1.90 -6.30 8.64
202340 -5.90 -1.30 -5.60 8.24
202360 -6.20 -1.20 -6.60 9.13
202380 -6.10 -1.70 -6.20 8.86
202400 -5.80 -1.20 -6.10 8.50
202420 -5.60 -1.40 -6.70 8.84
202440 -6.30 -1.10 -6.60 9.19
202460 -5.70 -1.50 -6.20 8.55
202480 -6.20 -1.40 -6.40 9.02
202500 -5.90 -1.90 -5.60 8.35
202520 -6.30 -1.60 -6.40 9.12
202540 -5.80 -1.90 -6.30 8.77
202560 -6.00 -1.40 -5.80 8.46
202580 -5.90 -1.50 -6.80 9.13
202600 -5.90 -1.70 -5.90 8.52
202620 -6.00 -1.60 -5.70 8.43
202640 -5.80 -1.80 -6.00 8.54
202660 -5.90 -1.50 -6.50 8.91
202680 -5.60 -1.70 -5.30 7.90
202700 -5.90 -1.40 -5.90 8.46
202720 -6.10 -1.80 -6.00 8.74
202740 -6.20 -1.90 -7.20 9.69
202760 -6.10 -1.60 -7.00 9.42
202780 -6.30 -1.60 -6.40 9.12
202800 -5.70 -1.70 -6.80 9.03
202820 -6.00 -1.70 -6.20 8.79
202840 -6.70 -1.80 -6.50 9.51
202860 -5.60 -1.60 -6.90 9.03
202880 -6.60 -1.50 -6.60 9.45
202900 -6.20 -1.50 -7.70 10.00
202920 -6.00 -1.80 -6.70 9.17
202940 -6.30 -1.50 -6.10 8.90
202960 -6.60 -0.80 -5.10 8.38
202980 -6.40 -1.20 -6.80 9.41
203000 -6.50 -1.30 -7.50 10.01
203020 -6.20 -1.50 -6.70 9.25
203040 -6.60 -1.30 -5.10 8.44
203060 -6.60 -1.90 -5.70 8.93
203080 -6.20 -2.00 -6.30 9.06
203100 -6.30 -1.50 -6.10 8.90
203120 -6.10 -1.60 -6.60 9.13
203140 -6.00 -1.40 -6.90 9.25
203160 -5.80 -1.60 -6.20 8.64
203180 -6.20 -1.80 -6.50 9.16
203200 -6.10 -1.50 -6.90 9.33
203220 -6.10 -1.70 -6.80 9.29
203240 -6.50 -1.60 -6.80 9.54
203260 -6.30 -1.70 -6.50 9.21
203280 -6.10 -1.60 -6.30 8.91
203300 -6.50 -1.60 -7.30 9.90
203320 -6.20 -1.40 -5.90 8.67
203340 -5.90 -1.20 -5.80 8.36
203360 -6.10 -1.60 -5.70 8.50
203380 -6.10 -1.20 -6.60 9.07
203400 -5.90 -1.60 -6.70 9.07
203420 -6.00 -1.60 -7.00 9.36
203440 -6.00 -1.40 -5.40 8.19
203460 -6.00 -1.70 -7.10 9.45
203480 -6.10 -1.20 -5.70 8.43
203500 -5.90 -1.10 -6.00 8.49
203520 -5.80 -1.00 -6.20 8.55
203540 -5.50 -1.80 -5.80 8.19
203560 -6.00 -1.90 -5.50 8.36
203580 -5.80 -1.20 -6.30 8.65
203600 -6.00 -1.40 -6.40 8.88
203620 -6.00 -1.80 -7.00 9.39
203640 -6.10 -1.60 -6.50 9.06
203660 -5.90 -1.20 -5.50 8.15
203680 -6.00 -1.50 -6.70 9.12
203700 -5.80 -1.40 -5.50 8.11
203720 -5.70 -1.30 -6.50 8.74
203740 -6.00 -1.50 -6.20 8.76
203760 -6.00 -1.30 -6.40 8.87
203780 -6.20 -1.50 -6.60 9.18
203800 -5.80 -1.40 -7.30 9.43
203820 -5.80 -1.60 -7.20 9.38
203840 -6.20 -1.20 -5.90 8.64
